3004131 25.55 28 100.0
3004160 25.47 28 100.0
3004150 25.45 28 100.0
3004149 25.44 28 100.0
3004173 25.23 28 100.0
3002660 18.08 19 100.0 Strict APH(6)-Id 99.64
3002705 15.83 18 100.0 Strict floR 99.5
3002641 15.55 17 100.0 Strict APH(3')-Ia 98.15
3002639 15.29 20 100.0
3003372 14.35 15 100.0
3004621 13.64 15 100.0 Strict AAC(3)-IIe 98.95
3000165 12.45 14 100.0 Strict tet(A) 99.75
3002619 11.34 12 100.0 Perfect aadA22 100.0
3001392 9.01 10 100.0 Perfect TEM-215 100.0
3003396 7.89 10 100.0
3005611 7.81 8 100.0
3003893 7.69 8 100.0
3003397 6.68 9 100.0
3004656 6.61 7 100.0 Strict catII from Escherichia coli K-12 98.12
3003411 6.36 8 100.0
3004623 6.13 7 100.0
3003377 5.89 7 100.0
3001917 5.84 6 100.0 Strict CTX-M-55 99.66
3003406 5.79 8 100.0
3003403 5.75 8 100.0
3000793 5.41 7 100.0 Strict mdtB 99.81
3003223 5.37 6 100.0
3000237 5.19 6 100.0 Perfect TolC 100.0
3000794 5.18 6 100.0 Strict mdtC 99.61
3000830 5.05 6 100.0
3001394 4.93 5 100.0
3003410 4.84 6 100.0
3003441 4.68 6 100.0 Strict cfrA 99.71
3003941 4.63 7 100.0
3003308 4.63 7 100.0 Strict Escherichia coli parC conferring resistance to fluoroquinolones 99.87
3002612 4.43 11 100.0
3003402 4.42 5 100.0
3003376 4.29 5 100.0
3000027 4.18 5 100.0 Strict emrA 99.74
3003316 4.09 5 100.0
3003550 4.05 5 100.0 Strict mdtP 97.75
3005042 3.94 4 100.0
3000676 3.93 4 100.0 Perfect H-NS 100.0
3003838 3.91 4 100.0
3000516 3.9 4 100.0 Perfect emrR 100.0
3000263 3.9 4 100.0 Perfect marA 100.0
3002620 3.81 4 100.0
3002618 3.81 4 100.0
3003950 3.8 4 100.0 Perfect msbA 100.0
3003288 3.79 4 100.0
3002621 3.78 4 100.0
3003378 3.74 4 100.0 Strict Escherichia coli AcrAB-TolC with MarR mutations conferring resistance to ciprofloxacin and tetracycline 98.61
3000491 3.65 4 100.0 Strict acrD 99.81
3004049 3.61 4 100.0
3003576 3.5 5 100.0 Strict eptA 99.63
3003369 3.47 4 100.0 Strict Escherichia coli EF-Tu mutants conferring resistance to Pulvomycin 99.48
3000216 3.47 4 100.0 Perfect acrB 100.0
3005041 3.46 4 100.0
3000792 3.39 5 100.0 Strict mdtA 98.8
3003303 3.36 4 100.0
3000508 3.28 4 100.0 Strict gadX 98.54
3003578 2.97 3 100.0 Perfect PmrF 100.0
3002535 2.97 3 100.0
3001878 2.97 3 100.0
3003889 2.94 3 100.0 Strict Escherichia coli GlpT with mutation conferring resistance to fosfomycin 99.56
3004127 2.91 3 100.0
3005655 2.89 3 100.0
3000966 2.86 3 100.0
3005647 2.85 3 100.0
3000901 2.66 3 100.0
3003775 2.53 3 100.0
3007509 2.51 3 100.0
3004043 2.51 3 100.0 Strict Escherichia coli acrA 99.75
3000502 2.51 4 100.0 Strict AcrF 99.41
3003751 2.5 3 100.0
3003370 2.49 3 100.0
3003368 2.49 3 100.0
3003386 2.41 3 100.0
3003390 1.99 2 100.0
3001057 1.99 2 100.0
3002601 1.98 2 100.0
3002001 1.98 2 100.0
3001977 1.98 2 100.0
3000795 1.97 2 100.0 Perfect mdtE 100.0
3001032 1.96 2 100.0
3003381 1.95 2 100.0 Strict Escherichia coli soxR with mutation conferring antibiotic resistance 100.0
3005617 1.94 2 100.0
3003648 1.94 2 100.0
3005620 1.93 2 100.0
3005593 1.93 2 100.0
3000518 1.8 2 100.0 Strict CRP 99.52
