3003550 18.48
3002620 17.99
3000916 1.95
3000508 13.42
3000796 14.03
3001057 11.78
3002612 15.47
3000830 19.78
3001383 2.49
3001948 4.35
3002641 70.48
3001960 6.83
3001041 3.92
3001032 6.74
3001216 19.51
3001391 4.91
3000792 19.11
3000990 6.83
3001943 4.56
3000254 16.12
3001977 1.98
3002618 18.94
3001329 16.04
3000206 17.77
3002601 12.24
3003576 17.31
3000656 7.83
3003441 35.61
3000900 7.56
3001394 15.71
3001917 33.74
3000793 20.99
3000518 26.3
3003577 12.15
3000832 13.83
3002660 107.43
3001974 8.03
3000216 20.84
3001214 17.39
3001895 2.24
3000676 19.61
3000794 22.88
3001866 2.96
3000833 15.27
3000516 15.64
3002535 9.67
3002619 54.29
3000491 18.97
3003548 14.97
3000502 10.84
3000499 9.59
3001932 2.96
3001940 2.81
3002621 17.33
3000999 6.12
3000027 18.26
3000989 4.89
3000186 7.98
3002639 74.46
3000074 17.64
3000936 4.62
3000795 12.07
3001385 4.49
3000263 14.36
3000165 72.04
3000968 5.82
3001392 39.47
3001878 21.58
3003549 15.17
3001376 1.96
3003578 16.58
3004621 73.43
3003838 13.4
3004623 29.61
3003158 4.58
3003950 17.79
3004656 50.15
3002705 76.46
3004043 23.94
3001328 12.34
3004290 5.91
3004597 17.64
3003647 2.9
3003648 8.35
3005259 7.81
3005261 2.91
3000901 9.49
3005265 4.9
3001986 2.94
3002001 8.1
3002011 5.1
3005593 2.88
3005595 3.93
3005596 5.83
3005601 6.89
3005602 7.18
3005603 5.28
3005605 9.56
3005607 4.08
3005611 30.77
3005612 3.91
3005613 2.88
3005617 5.78
3005620 3.9
3005626 3.2
3005630 2.94
3005631 3.92
3005632 4.0
3005639 4.66
3005641 3.87
3005647 9.67
3005648 4.77
3005649 4.95
3005650 3.78
3005651 3.87
3005653 3.45
3005655 7.29
3005660 6.56
3006874 12.85
3006875 12.85
3006876 12.85
3006877 12.85
3006878 12.27
3006881 6.21
3000237 20.29
3003952 21.1
3003843 9.48
3007509 23.93
3000966 3.84
3003893 36.85
3003900 30.97
3004114 16.63
3004126 16.08
3005042 16.34
3005041 19.5
3004127 15.36
3003381 14.31
3003511 15.12
3003378 14.24
3003807 20.3
3003386 15.42
3003303 25.37
3003288 24.27
3003368 35.85
3003369 36.52
3003294 17.54
3003316 14.85
3003370 35.8
3003308 19.56
3003775 16.45
3003890 15.53
3003889 15.46
3003940 15.58
3003941 19.56
3003751 14.67
3003899 20.12
3004335 17.54
3003390 13.98
3004045 20.6
3004049 17.22
3007421 14.93
3003223 35.94
3003402 26.9
3003397 27.4
3003377 35.09
3003403 30.89
3003408 16.69
3003376 21.69
3003399 33.48
3003405 29.51
3003406 28.52
3003396 32.1
3003333 10.88
3003410 32.5
3004149 122.02
3004160 121.56
3004131 121.91
3004173 122.9
3004150 121.85
3003411 27.08
3003372 78.21
