3002778 22.06
3001778 57.97
3001383 2.91
3001948 7.42
3001784 57.07
3001191 5.73
3002695 33.1
3001425 9.8
3000975 3.85
3002720 31.58
3001122 13.63
3001399 12.27
3001195 3.9
3002732 31.19
3001930 2.74
3000921 1.97
3001943 4.39
3000997 1.61
3002716 31.19
3001977 9.63
3001070 14.66
3001129 4.02
3001793 18.17
3002601 19.02
3003106 22.19
3002848 66.95
3001356 2.08
3001917 6.81
3001200 3.86
3000518 16.18
3001997 2.93
3002694 14.17
3000361 41.12
3001131 2.25
3002693 31.05
3001974 4.46
3000410 100.26
3002847 56.84
3001135 6.15
3000316 35.13
3001866 4.91
3002535 5.76
3002730 6.64
3002696 29.85
3002741 28.64
3001156 2.93
3001806 2.48
3002826 39.42
3001159 9.13
3003164 9.45
3001932 7.2
3001124 4.8
3002621 24.94
3001927 3.86
3002616 36.51
3002547 3.72
3000074 23.59
3001396 26.83
3001392 1.93
3001878 16.46
3002578 47.06
3004621 25.91
3004623 7.87
3003922 14.23
3003923 14.0
3003641 55.81
3004041 17.12
3002691 28.17
3004122 29.63
3004550 38.67
3004580 23.62
3004583 22.86
3004588 24.25
3004597 23.57
3001044 5.57
3005010 105.91
3005044 17.73
3005047 16.07
3005053 17.98
3005059 13.56
3005115 2.79
3005116 25.76
3005117 4.69
3005243 7.79
3005266 3.91
3005268 3.49
3001986 3.9
3002001 4.63
3002011 3.87
3005590 4.83
3005595 4.8
3005599 2.93
3005601 4.9
3005602 3.02
3005603 6.66
3005604 4.16
3005605 10.25
3005606 5.36
3005607 4.36
3005611 6.61
3005612 5.89
3005613 2.92
3005616 6.07
3005617 6.5
3005620 5.73
3005626 4.08
3005631 3.68
3005639 2.11
3005641 7.06
3005647 10.41
3005648 3.82
3005651 3.52
3005655 5.17
3005660 4.6
3005661 4.45
3005666 5.28
3005764 16.1
3005996 20.97
3006030 53.15
3006108 47.63
3006109 18.75
3006110 56.31
3003591 2.24
3003187 7.17
3003189 13.82
3003839 31.52
3007682 22.6
3003968 29.06
3003303 20.37
3003380 32.52
3003288 23.05
3003585 12.35
3003368 35.03
3003369 36.58
3003373 19.82
3003317 20.44
3003370 36.0
3003307 20.28
3003899 26.32
3004049 18.11
3007203 12.0
3007420 22.82
3007421 21.53
3007752 20.58
3003402 13.1
3003512 135.73
3003408 18.92
3003376 11.77
3003399 15.71
3003405 13.96
3003406 10.33
3003333 70.2
3003410 17.87
3004149 160.01
3004160 158.86
3004131 159.58
3004173 160.36
3004150 160.18
3003411 19.24
3003372 143.78
