3000074 6.49 7 100.0
3000316 6.62 7 100.0
3000361 3.95 14 100.0
3000410 15.77 17 100.0
3000518 3.4 4 100.0
3001070 3.94 4 100.0
3001122 3.94 4 100.0
3001135 1.97 2 100.0
3001159 3.93 4 100.0
3001200 1.96 2 100.0
3001356 1.97 2 100.0
3001396 3.93 4 100.0
3001399 2.96 3 100.0
3001425 2.96 3 100.0
3001778 13.82 15 100.0
3001784 14.31 15 100.0
3001793 3.93 4 100.0
3001878 3.83 4 100.0
3001917 3.9 4 100.0
3002578 10.09 14 100.0
3002616 6.92 8 100.0
3002695 4.05 5 100.0
3002716 7.52 8 100.0
3002720 7.31 8 100.0
3002732 7.52 8 100.0
3002741 5.96 7 100.0
3002778 5.11 6 100.0
3002826 3.78 6 100.0
3002847 10.33 11 100.0
3002848 12.3 13 100.0
3003106 4.66 6 100.0
3003164 2.62 3 100.0
3003187 1.96 2 100.0
3003288 6.27 8 100.0
3003307 3.44 4 100.0
3003333 11.93 13 100.0
3003368 4.46 6 100.0
3003370 5.42 7 100.0
3003372 24.86 29 100.0
3003380 4.79 5 100.0
3003641 12.85 14 100.0
3003839 6.63 7 100.0
3003968 5.6 7 100.0
3004049 1.3 2 100.0
3004122 4.71 5 100.0
3004131 27.39 31 100.0
3004149 28.02 32 100.0
3004150 27.43 31 100.0
3004160 27.81 32 100.0
3004173 27.83 31 100.0
3004550 9.3 10 100.0
3004580 5.86 6 100.0
3004583 5.26 6 100.0
3004588 6.56 7 100.0
3004597 6.49 7 100.0
3004621 6.11 7 100.0
3005010 17.23 18 100.0
3005044 5.27 6 100.0
3005059 4.41 5 100.0
3005116 3.79 4 100.0
3005243 4.93 5 100.0
3005602 1.96 2 100.0
3005606 3.41 4 100.0
3005611 2.84 3 100.0
3005655 2.49 3 100.0
3005666 1.96 2 100.0
3005764 2.96 3 100.0
3005996 2.96 3 100.0
3006030 14.32 16 100.0
3006108 9.54 10 100.0
3006109 5.25 6 100.0
3006110 13.82 15 100.0
3007420 1.98 2 100.0
3007421 7.29 9 100.0
3007682 2.72 3 100.0
3007752 3.44 4 100.0
