CP000643.1	26.03	36	100.0
CP001058.1	14.63	17	100.0
CP016920.1	21.88	30	100.0
CP027132.1	23.61	30	100.0
HE616531.1	21.12	27	100.0
KY454616.1	17.67	23	100.0
M38574.1	15.66	22	100.0
MF774791.1	21.71	29	100.0
NZ_CP008719.1	16.76	22	100.0
NZ_CP011141.1	22.69	30	100.0
NZ_CP012562.1	19.42	29	100.0
NZ_CP012755.1	17.42	26	100.0
NZ_CP016038.1	21.6	29	100.0
NZ_CP023902.1	21.64	28	100.0
NZ_CP023924.1	38.38	63	100.0
NZ_CP024042.1	21.15	31	100.0
NZ_CP024803.1	18.6	24	100.0
NZ_CP027201.1	19.64	23	100.0
NZ_CP029105.1	28.43	38	100.0
NZ_CP029581.1	18.77	24	100.0
