CP000643.1	28.99	40	100.0
CP001058.1	15.58	18	100.0
CP016920.1	26.21	36	100.0
CP027132.1	26.16	33	100.0
HE616531.1	23.62	30	100.0
KY454616.1	22.0	29	100.0
M38574.1	18.63	26	100.0
MF774791.1	26.01	34	100.0
NZ_CP008719.1	19.2	25	100.0
NZ_CP011141.1	25.65	34	100.0
NZ_CP012562.1	22.42	32	100.0
NZ_CP012755.1	20.48	30	100.0
NZ_CP016038.1	25.71	35	100.0
NZ_CP023902.1	24.14	30	100.0
NZ_CP023924.1	42.86	71	100.0
NZ_CP024042.1	22.67	34	100.0
NZ_CP024803.1	19.58	25	100.0
NZ_CP027201.1	22.11	25	100.0
NZ_CP029105.1	31.33	41	100.0
NZ_CP029581.1	21.76	28	100.0
