CP000643.1	18.84	26	100.0
CP001058.1	10.34	12	100.0
CP016920.1	17.97	26	100.0
CP027132.1	18.36	24	100.0
HE616531.1	15.87	20	100.0
KY454616.1	14.63	20	100.0
M38574.1	10.83	15	100.0
MF774791.1	17.62	24	100.0
NZ_CP008719.1	15.61	21	100.0
NZ_CP011141.1	17.19	23	100.0
NZ_CP012562.1	15.03	22	100.0
NZ_CP012755.1	13.74	19	100.0
NZ_CP016038.1	17.46	24	100.0
NZ_CP023902.1	16.4	21	100.0
NZ_CP023924.1	29.42	48	100.0
NZ_CP024042.1	16.59	24	100.0
NZ_CP024803.1	11.41	15	100.0
NZ_CP027201.1	16.84	20	100.0
NZ_CP029105.1	20.07	27	100.0
NZ_CP029581.1	15.37	20	100.0
